B_0_1_4 = 0.0
B_0_1_7 = 6.4528302
B_10_0_1 = 12.90566
B_11_0_1 = 14.411321
B_11_0_7 = 0.0
B_11_4_1 = 0.0
B_11_4_7 = 0.0
B_12_4_0 = 8.1735849
B_12_4_1 = 0.0
B_13_4_1 = 0.0
B_13_7_1 = 9.1415094
B_14_4_0 = 8.9264151
B_14_4_1 = 0.0
B_14_7_0 = 0.0
B_14_7_1 = 0.0
B_15_1_4 = 0.0
B_15_1_7 = 9.7867925
B_16_0_4 = 12.90566
B_16_0_7 = 0.0
B_16_1_4 = 0.0
B_16_1_7 = 0.0
B_17_1_4 = 0.0
B_17_1_7 = 6.5603774
B_18_1_0 = 0.0
B_18_7_0 = 10.001887
B_19_0_4 = 0.0
B_19_0_7 = 3.2264151
B_19_1_4 = 0.0
B_19_1_7 = 0.0
B_1_1_4 = 0.0
B_1_7_4 = 9.3566038
B_20_0_4 = 0.0
B_20_0_7 = 4.5169811
B_20_1_4 = 0.0
B_20_1_7 = 0.0
B_21_4_0 = 4.8396226
B_21_4_1 = 0.0
B_22_4_0 = 1.0754717
B_22_7_0 = 0.0
B_23_0_7 = 9.5716981
B_23_1_7 = 0.0
B_24_0_7 = 3.0113208
B_25_7_0 = 0.0
B_25_7_1 = 9.6792453
B_26_1_0 = 3.3415094
B_26_1_4 = 0.0
B_26_7_0 = 5.2622642
B_26_7_4 = 0.0
B_27_4_0 = 0.0
B_27_4_1 = 0.0
B_27_7_0 = 0.0
B_27_7_1 = 1.290566
B_28_0_4 = 1.5056604
B_28_1_4 = 0.0
B_29_0_4 = 10.539623
B_29_0_7 = 0.0
B_2_1_0 = 6.0509434
B_2_4_0 = 2.3377358
B_3_1_0 = 0.0
B_3_1_7 = 0.0
B_3_4_0 = 9.5716981
B_3_4_7 = 0.0
B_4_0_1 = 4.8396226
B_5_0_7 = 10.754717
B_5_1_7 = 0.0
B_6_0_4 = 8.6037736
B_7_0_4 = 7.2056604
B_7_1_4 = 0.0
B_8_4_7 = 7.9584906
B_9_1_7 = 10.539623
